season	tic	treat	avg	COMP	Total_Revenue	Cost_of_Revenue	Gross_Profit	Operating_Expenses	Research_Development	Selling_General_and_Administrative	Total_Operating_Expenses	Operating_Income_or_Loss	Operating_Income_or_Loss	Total_Other_Income/Expenses_Net	Earnings_Before_Interest_And_Taxes	Interest_Expense	Income_Before_Tax	Net_Income_From_Continuing_Ops	Net_Income	Cash_And_Cash_Equivalents	Short_Term_Investments	Net_Receivables	Inventory	Other_Current_Assets	Total_Current_Assets	Long_Term_Investments	Property_Plant_and_Equipment	Goodwill	Intangible_Assets	Accumulated_Amortization	Other_Assets	Total_Assets	Accounts_Payable	Short/Current_Long_Term_Debt	Total_Current_Liabilities	Long_Term_Debt	Deferred_Long_Term_Liability_Charges	Total_Liabilities	Common_Stock	Retained_Earnings	Total_Stockholder_Equity	Net_Tangible_Assets	Net_Income	Depreciation	Changes_In_Accounts_Receivables	Changes_In_Liabilities	Changes_In_Inventories	Changes_In_Other_Operating_Activities	Total_Cash_Flow_From_Operating_Activities	Capital_Expenditures	Investments	Other_Cash_flows_from_Investing_Activities	Total_Cash_Flows_From_Investing_Activities	Dividends_Paid	Sale_Purchase_of_Stock	Net_Borrowings	Total_Cash_Flows_From_Financing_Activities	Effect_Of_Exchange_Rate_Changes	Change_In_Cash_and_Cash_Equivalents
0	ABI	0	77.13100393700789	ABI	11729000	4757000	6972000	7861000	0	0	7861000	3868000	3868000	0	3868000	-430000	0	2796000	0	0	0	0	0	0	0	0	0	0	0	0	0	0	0	50350000	0	0	0	0	0	0	0	0	0	0	0	0	0	0	0	0	0	0	0	0	0	0	0	0	0
1	ABI	0	77.13100393700789	ABI	11711000	4482000	7229000	7526000	0	0	7526000	4185000	4185000	0	4185000	-1035000	0	3353000	0	9839000	0	4471000	2950000	691000	18690000	380000	0	0	0	0	0	141666000	9834000	49126000	25627000	41142000	0	86358000	19343000	31004000	0	0	0	0	0	0	0	0	0	0	0	0	0	0	0	0	0	0	0
3	ABI	0	77.13100393700789	ABI	12201000	4867000	7334000	8384000	0	0	8384000	3817000	3817000	0	3817000	-745000	0	3211000	0	8495000	0	6856000	3593000	114000	19408000	320000	0	0	0	0	0	149895000	10272000	55511000	26120000	47083000	0	92645000	19356000	32199000	0	0	0	0	0	0	0	0	0	0	0	0	0	0	0	0	0	0	0
1	AED	0	50.86990157480314	AED	10000	2000	8000	3000	0	0	3000	7000	7000	0	7000	-3000	0	6000	0	2000	0	4000	0	0	6000	1000	0	0	0	0	0	739000	8000	349000	57000	306000	0	362000	313000	19000	0	0	0	0	0	0	0	0	7000	0	0	0	-24000	0	0	0	17000	0	1000
3	AED	0.24561403508771928	50.86990157480314	AED	11000	1000	9000	3000	0	0	3000	8000	8000	0	8000	0	0	5000	0	1000	0	3000	0	1000	5000	0	0	0	0	0	0	795000	7000	384000	85000	313000	0	398000	329000	29000	0	0	0	0	0	0	0	0	10000	0	0	0	-20000	0	0	0	9000	0	0
0	AGS	0	31.352342519685035	AGS	3541000	2853000	688000	3327000	0	0	3327000	214000	214000	0	214000	-61000	0	88000	0	2174000	0	40000	0	4771000	7324000	63329000	0	0	0	0	0	95570000	5883000	4421000	12543000	3125000	0	85960000	4581000	513000	0	0	0	160000	0	0	0	-80000	163000	-28000	0	0	338000	0	0	0	-652000	4000	-148000
1	AGS	0	31.352342519685035	AGS	3527000	3001000	526000	3408000	0	0	3408000	120000	120000	0	120000	-27000	0	102000	0	2213000	0	1366000	0	2350000	6240000	63684000	0	0	0	0	0	95736000	6301000	4444000	11657000	3061000	123000	86314000	4582000	570000	0	0	0	-302000	0	0	0	587000	859000	-31000	0	0	-483000	0	0	0	-336000	-1000	39000
2	AGS	0	31.352342519685035	AGS	3412000	2830000	582000	3130000	0	0	3130000	282000	282000	0	282000	-14000	0	73000	0	2940000	0	55000	0	4314000	7632000	64639000	0	0	0	0	0	97149000	5429000	4409000	12037000	3126000	0	87328000	4583000	30000	0	0	0	190000	0	0	0	801000	1068000	-33000	0	0	-201000	0	0	0	-86000	2000	783000
3	AGS	1	31.352342519685035	AGS	3599000	2880000	718000	3469000	0	0	3469000	130000	130000	0	130000	-42000	0	51000	0	2446000	0	50000	0	4917000	7675000	66569000	0	0	0	0	0	99232000	5649000	4429000	12112000	3234000	0	89378000	4504000	31000	0	0	0	238000	0	0	0	336000	640000	-20000	0	0	-482000	0	0	0	-658000	6000	-494000
1	RCUS	0	34.88150590551181	RCUS	0	0	0	0	0	0	0	0	0	0	0	0	0	0	0	129000	0	49000	59000	76000	313000	1000	0	0	0	0	0	805000	56000	426000	260000	370000	23000	650000	319000	85000	0	0	0	0	0	0	0	0	0	0	0	0	0	0	0	0	0	0	0
3	RCUS	1	34.88150590551181	RCUS	105000	55000	50000	82000	0	0	82000	23000	23000	0	23000	-5000	0	12000	0	107000	0	39000	68000	116000	330000	1000	0	0	0	0	0	976000	59000	526000	270000	518000	0	822000	320000	69000	0	0	0	4000	0	0	0	-5000	23000	-5000	0	0	-72000	0	0	0	36000	1000	-11000
0	ASC	0	52.04470231707318	ASC	11000	5000	6000	6000	0	0	6000	5000	5000	0	5000	-2000	0	5000	0	2000	0	3000	0	0	5000	0	0	0	0	0	0	382000	2000	180000	48000	136000	0	186000	182000	16000	0	0	0	0	0	0	0	0	0	0	0	0	0	0	0	0	0	0	0
1	ASC	0	52.04470231707318	ASC	7000	0	7000	2000	0	0	2000	5000	5000	0	5000	-2000	0	3000	0	0	0	0	0	4000	4000	0	0	0	0	0	0	485000	0	301000	146000	155000	0	301000	184000	0	0	0	0	0	0	0	0	0	0	0	0	0	0	0	0	0	0	0	0
3	ASC	0	52.04470231707318	ASC	8000	0	8000	1000	0	0	1000	7000	7000	0	7000	-2000	0	5000	0	0	0	0	0	4000	4000	0	0	0	0	0	0	487000	0	216000	43000	173000	0	216000	270000	0	0	0	0	0	0	0	0	0	0	0	0	0	0	0	0	0	0	0	0
1	ATEB	0	37.58187992125984	ATEB	16000	9000	8000	13000	0	0	13000	3000	3000	0	3000	-1000	0	1000	0	2000	37000	33000	261000	1000	334000	11000	0	0	0	0	0	377000	16000	214000	87000	164000	0	272000	45000	12000	0	0	0	0	-5000	0	-8000	-12000	-23000	0	0	0	-6000	0	0	0	28000	0	-2000
3	ATEB	1	37.58187992125984	ATEB	33000	21000	12000	26000	0	0	26000	7000	7000	0	7000	-1000	0	2000	0	12000	12000	30000	256000	1000	311000	39000	0	0	0	0	0	383000	27000	228000	90000	176000	0	280000	51000	71000	0	0	0	0	-14000	0	5000	1000	-3000	-1000	0	0	-6000	0	0	0	1000	0	-7000
1	BAR	0	56.338346456692875	BAR	280000	185000	95000	263000	0	0	263000	17000	17000	0	17000	-1000	0	14000	0	157000	0	221000	212000	1000	598000	12000	0	0	0	0	0	1048000	114000	71000	401000	56000	93000	468000	198000	467000	0	0	0	6000	5000	0	17000	12000	64000	0	0	0	-24000	0	0	0	3000	-2000	40000
3	BAR	0	56.338346456692875	BAR	249000	167000	82000	242000	0	0	242000	7000	7000	0	7000	-1000	0	6000	0	92000	0	201000	237000	0	537000	12000	0	0	0	0	0	1007000	120000	56000	383000	42000	94000	436000	565000	0	0	0	0	6000	10000	0	-12000	-12000	14000	-5000	0	0	-28000	0	0	0	-18000	0	-32000
1	BEFB	0	52.35404527559055	BEFB	37000	6000	30000	10000	0	0	10000	27000	27000	0	27000	-7000	0	18000	0	2000	0	19000	0	6000	27000	15000	0	0	0	0	0	2249000	25000	994000	357000	724000	0	1084000	983000	144000	0	0	0	0	0	0	0	6000	29000	0	0	0	-14000	0	0	0	-15000	0	0
3	BEFB	0	52.35404527559055	BEFB	37000	6000	31000	8000	0	0	8000	29000	29000	0	29000	-6000	0	19000	0	1000	0	30000	0	4000	36000	19000	0	0	0	0	0	2319000	57000	1048000	434000	698000	0	1133000	972000	39000	0	0	0	0	0	0	0	-18000	5000	0	0	0	-17000	0	0	0	11000	0	0
1	BEKB	0	27.54119094488188	BEKB	769000	652000	117000	728000	0	0	728000	41000	41000	0	41000	-17000	0	1000	0	392000	10000	781000	539000	36000	1772000	179000	0	0	0	0	0	3380000	339000	1012000	972000	688000	0	1877000	208000	1308000	0	0	0	31000	0	0	0	81000	122000	-31000	0	0	-26000	0	0	0	-56000	-3000	37000
3	BEKB	1	27.54119094488188	BEKB	804000	676000	129000	754000	0	0	754000	51000	51000	0	51000	-15000	0	40000	0	533000	10000	882000	618000	62000	2105000	170000	0	0	0	0	0	3724000	378000	1251000	1071000	860000	0	2179000	208000	1345000	0	0	0	42000	0	0	0	-62000	5000	-29000	0	0	-23000	0	0	0	89000	0	71000
1	BREB	0	28.209679487179486	BREB	38000	0	38000	-1000	0	0	-1000	39000	39000	0	39000	0	0	34000	0	34000	0	5000	0	4000	43000	1090000	0	0	0	0	0	1138000	0	0	19000	0	0	19000	246000	0	0	0	0	0	0	0	0	7000	0	0	0	0	4000	0	0	0	0	0	4000
3	BREB	1	28.209679487179486	BREB	67000	0	67000	0	0	0	0	67000	67000	0	67000	0	0	66000	0	39000	0	10000	0	0	49000	1198000	0	0	0	0	0	1252000	0	0	23000	0	0	23000	246000	0	0	0	0	0	0	0	0	0	9000	0	0	0	5000	0	0	0	-11000	0	3000
1	CARD	0	39.66642716535434	CARD	0	2000	-2000	3000	0	0	3000	-3000	-3000	0	-3000	0	0	-3000	0	19000	3000	0	0	0	23000	0	0	0	0	0	0	32000	2000	0	3000	0	1000	15000	55000	-36000	0	0	0	0	0	0	0	0	-3000	0	0	0	-2000	0	0	0	12000	0	8000
3	CARD	1	39.66642716535434	CARD	0	3000	-3000	3000	0	0	3000	-3000	-3000	0	-3000	0	0	-3000	0	35000	5000	0	0	2000	42000	0	0	0	0	0	0	52000	3000	0	4000	0	0	16000	82000	-42000	0	0	0	0	-1000	0	0	0	-4000	0	0	0	0	0	0	0	13000	0	9000
1	CFEB	0	73.22657480314962	CFEB	592000	369000	223000	568000	0	0	568000	24000	24000	0	24000	-10000	0	-44000	0	475000	1000	1117000	216000	101000	1909000	42000	0	0	0	0	0	4161000	1046000	1287000	1951000	859000	0	2958000	841000	358000	0	0	0	32000	17000	0	-1000	0	65000	-13000	0	0	73000	0	0	0	-13000	1000	126000
3	CFEB	0	73.22657480314962	CFEB	887000	535000	352000	840000	0	0	840000	46000	46000	0	46000	-10000	0	32000	0	428000	54000	1194000	123000	112000	1911000	222000	0	0	0	0	0	4032000	1020000	1006000	1870000	657000	0	2796000	841000	393000	0	0	0	54000	-69000	0	-2000	0	58000	-26000	0	0	-23000	0	0	0	-41000	1000	-5000
1	CMB	0	21.087224409448822	CMB	189000	185000	3000	210000	0	0	210000	-21000	-21000	0	-21000	-44000	0	13000	0	81000	4000	122000	11000	47000	266000	31000	0	0	0	0	0	2095000	16000	808000	209000	712000	0	1013000	35000	1022000	0	0	0	0	0	0	0	0	0	0	0	0	0	0	0	0	0	0	0
3	CMB	1	21.087224409448822	CMB	130000	115000	14000	137000	0	0	137000	-7000	-7000	0	-7000	-6000	0	0	0	14000	4000	136000	0	0	154000	183000	0	0	0	0	0	1853000	76000	644000	156000	568000	0	786000	35000	1007000	0	0	0	0	0	0	0	0	0	0	0	0	0	0	0	0	0	0	0
0	COLR	0	40.210649606299214	COLR	2126000	1596000	530000	1999000	0	0	1999000	127000	127000	0	127000	-2000	0	88000	0	615000	22000	550000	565000	2000	1754000	157000	0	0	0	0	0	3645000	1016000	31000	1678000	28000	0	1828000	249000	1822000	0	0	0	47000	-26000	0	-7000	0	117000	-62000	0	0	-59000	0	0	0	-3000	0	55000
1	COLR	0	40.210649606299214	COLR	2200000	1686000	514000	2082000	0	0	2082000	118000	118000	0	118000	0	0	87000	0	603000	17000	522000	575000	5000	1742000	160000	0	0	0	0	0	3722000	1047000	32000	1593000	11000	0	1755000	261000	1996000	0	0	0	49000	14000	0	-5000	2000	186000	-107000	0	0	-102000	0	0	0	-90000	0	-6000
2	COLR	0	40.210649606299214	COLR	2200000	1686000	514000	2082000	0	0	2082000	118000	118000	0	118000	0	0	87000	0	603000	17000	522000	575000	5000	1742000	160000	0	0	0	0	0	3722000	1047000	32000	1593000	11000	0	1755000	261000	1996000	0	0	0	49000	14000	0	-5000	2000	186000	-107000	0	0	-102000	0	0	0	-90000	0	-6000
0	GIMB	0	37.4699409448819	GIMB	119000	36000	82000	75000	0	0	75000	44000	44000	0	44000	-2000	0	5000	0	139000	13000	80000	44000	11000	288000	651000	0	0	0	0	0	1234000	48000	147000	164000	49000	0	245000	270000	702000	0	0	0	3000	-3000	0	-1000	-2000	-14000	-7000	0	0	-15000	0	0	0	-16000	0	-45000
1	GIMB	0	37.4699409448819	GIMB	-42000	-29000	-12000	-61000	0	0	-61000	19000	19000	0	19000	0	0	3000	0	41000	15000	23000	0	6000	86000	795000	0	0	0	0	0	1027000	1000	0	14000	0	0	24000	270000	722000	0	0	0	-2000	4000	0	1000	0	7000	6000	0	0	-32000	0	0	0	2000	0	-24000
2	GIMB	0	37.4699409448819	GIMB	-42000	-29000	-12000	-61000	0	0	-61000	19000	19000	0	19000	0	0	3000	0	41000	15000	23000	0	6000	86000	795000	0	0	0	0	0	1027000	1000	0	14000	0	0	24000	270000	722000	0	0	0	-2000	4000	0	1000	0	7000	6000	0	0	-32000	0	0	0	2000	0	-24000
1	HOMI	0	78.37033464566933	HOMI	5000	2000	3000	2000	0	0	2000	3000	3000	0	3000	-1000	0	8000	0	4000	0	4000	0	10000	17000	0	0	0	0	0	0	325000	1000	123000	51000	75000	0	130000	93000	37000	0	0	0	0	1000	0	0	0	4000	0	0	0	-7000	0	0	0	2000	0	-1000
3	HOMI	0	78.37033464566933	HOMI	5000	2000	3000	2000	0	0	2000	3000	3000	0	3000	-1000	0	5000	0	3000	0	4000	0	7000	14000	0	0	0	0	0	0	342000	4000	128000	27000	107000	0	140000	102000	24000	0	0	0	0	0	0	0	-3000	0	0	0	0	2000	0	0	0	-2000	0	-1000
1	IMMOU	0	49.91854330708663	IMMOU	0	0	0	0	0	0	0	0	0	0	0	0	0	0	0	1000	0	0	0	0	1000	3000	0	0	0	0	0	25000	1000	1000	2000	0	0	2000	22000	2000	0	0	0	0	0	0	0	0	1000	0	0	0	0	0	0	0	0	0	0
2	IMMOU	0	49.91854330708663	IMMOU	0	0	0	0	0	0	0	0	0	0	0	0	0	0	0	1000	0	0	0	0	1000	3000	0	0	0	0	0	25000	1000	1000	2000	0	0	2000	22000	2000	0	0	0	0	0	0	0	0	1000	0	0	0	0	0	0	0	0	0	0
1	IMMO	0	39.25402559055119	IMMO	21000	14000	7000	17000	0	0	17000	3000	3000	0	3000	-3000	0	1000	0	31000	0	17000	465000	7000	520000	1000	0	0	0	0	0	527000	21000	301000	191000	151000	0	344000	60000	123000	0	0	0	0	-2000	0	-16000	2000	-16000	0	0	0	0	0	0	0	16000	0	-1000
3	IMMO	1	39.25402559055119	IMMO	10000	6000	4000	9000	0	0	9000	1000	1000	0	1000	-2000	0	11000	0	27000	0	13000	291000	22000	354000	73000	0	0	0	0	0	431000	13000	194000	108000	115000	0	225000	60000	145000	0	0	0	0	-1000	0	-3000	0	5000	0	0	0	0	0	0	0	0	0	5000
0	KBC	0	43.7598031496063	KBC	1533000	0	1533000	1017000	0	0	1017000	516000	516000	0	0	0	0	276000	0	6509000	0	222000	0	4053000	35030000	60953000	0	0	0	0	0	250260000	148372000	43718000	166575000	32588000	0	235678000	6840000	0	0	0	0	68000	0	0	0	0	5391000	0	0	0	-352000	0	0	0	-1189000	28000	3878000
1	KBC	0	43.7598031496063	KBC	784000	0	784000	975000	0	0	975000	-191000	-191000	0	0	0	0	-290000	0	12501000	0	969000	0	3769000	37391000	61928000	0	0	0	0	0	241306000	148767000	34914000	166395000	25077000	0	226792000	6856000	0	0	0	0	-3000	0	0	0	1214000	-4287000	-453000	0	0	-370000	0	0	0	2552000	-317000	-2423000
2	KBC	0	43.7598031496063	KBC	1512000	0	1512000	982000	0	0	982000	530000	530000	0	0	0	0	397000	0	6930000	0	146000	0	3952000	27196000	62291000	0	0	0	0	0	246179000	151784000	37197000	165729000	27233000	0	230457000	6856000	0	0	0	0	65000	0	0	0	0	5448000	0	0	0	675000	0	0	0	-1871000	-6000	4246000
3	KBC	1	43.7598031496063	KBC	1585000	0	1585000	935000	0	0	935000	650000	650000	0	0	0	0	317000	0	6047000	0	80000	0	3774000	28135000	64487000	0	0	0	0	0	252768000	158991000	35524000	174166000	24548000	0	237053000	6856000	0	0	0	0	63000	0	0	0	0	916000	0	0	0	256000	0	0	0	-3045000	-22000	-1895000
1	KBCA	0	27.000403543307083	KBCA	26000	1000	25000	1000	0	0	1000	25000	25000	0	25000	-7000	0	18000	0	0	0	0	0	0	0	2442000	0	0	0	0	0	2442000	0	380000	17000	375000	0	392000	2022000	28000	0	0	0	0	0	0	0	0	0	0	0	0	0	0	0	0	0	0	0
3	KBCA	1	27.000403543307083	KBCA	9000	1000	9000	1000	0	0	1000	9000	9000	0	9000	-5000	0	-5000	0	0	0	0	0	0	0	2442000	0	0	0	0	0	2442000	0	401000	28000	375000	0	403000	2022000	17000	0	0	0	0	0	0	0	0	0	0	0	0	0	0	0	0	0	0	0
1	KIN	0	26.617581196581202	KIN	68000	43000	25000	52000	0	0	52000	17000	17000	0	17000	-1000	0	12000	0	19000	0	25000	3000	7000	55000	0	0	0	0	0	0	310000	47000	108000	89000	82000	0	206000	20000	92000	0	0	0	5000	-2000	0	0	0	22000	-3000	0	0	-3000	0	0	0	-18000	0	1000
3	KIN	1	26.617581196581202	KIN	58000	40000	17000	47000	0	0	47000	10000	10000	0	10000	-2000	0	7000	0	13000	0	20000	3000	0	35000	0	0	0	0	0	0	297000	48000	111000	89000	74000	0	196000	20000	89000	0	0	0	5000	3000	0	0	0	10000	-3000	0	0	-4000	0	0	0	-9000	0	-3000
1	PIC	0	27.478484251968503	PIC	128000	97000	31000	106000	0	0	106000	22000	22000	0	22000	0	0	15000	0	40000	0	79000	53000	0	174000	189000	0	0	0	0	0	421000	52000	14000	111000	0	3000	132000	23000	262000	0	0	0	2000	0	0	0	4000	20000	-4000	0	0	-99000	0	0	0	-2000	-1000	-81000
3	PIC	1	27.478484251968503	PIC	110000	85000	24000	93000	0	0	93000	17000	17000	0	17000	0	0	15000	0	53000	0	78000	52000	0	184000	192000	0	0	0	0	0	436000	47000	8000	101000	0	0	121000	23000	289000	0	0	0	2000	0	0	0	-4000	12000	-3000	0	0	-3000	0	0	0	-3000	0	6000
0	REA	0	21.543533464566927	REA	58000	55000	2000	56000	0	0	56000	2000	2000	0	2000	0	0	2000	0	17000	1000	74000	1000	0	93000	0	0	0	0	0	0	218000	59000	20000	63000	16000	0	86000	91000	42000	0	0	0	1000	0	0	0	-3000	-1000	0	0	0	-1000	0	0	0	0	0	-3000
1	REA	0	21.543533464566927	REA	66000	64000	3000	64000	0	0	64000	3000	3000	0	3000	0	0	2000	0	23000	0	72000	2000	1000	98000	0	0	0	0	0	0	222000	16000	20000	64000	15000	0	85000	71000	67000	0	0	0	1000	0	0	0	1000	3000	0	0	0	0	0	0	0	0	0	3000
2	REA	0	21.543533464566927	REA	66000	64000	3000	64000	0	0	64000	3000	3000	0	3000	0	0	2000	0	23000	0	72000	2000	1000	98000	0	0	0	0	0	0	222000	16000	20000	64000	15000	0	85000	71000	67000	0	0	0	1000	0	0	0	1000	3000	0	0	0	0	0	0	0	0	0	3000
0	RET	0	58.38832677165355	RET	13000	2000	11000	3000	0	0	3000	10000	10000	0	10000	-4000	0	7000	0	43000	0	4000	0	7000	54000	0	0	0	0	0	0	758000	13000	353000	68000	307000	0	415000	254000	43000	0	0	0	0	-1000	0	0	-2000	2000	0	0	0	-7000	0	0	0	25000	0	21000
1	RET	0	58.38832677165355	RET	14000	2000	11000	3000	0	0	3000	11000	11000	0	11000	-4000	0	7000	0	2000	0	2000	0	5000	10000	0	0	0	0	0	0	756000	0	374000	34000	352000	0	399000	254000	58000	0	0	0	0	2000	0	0	-3000	0	0	0	0	-22000	0	0	0	1000	0	-20000
2	RET	0	58.38832677165355	RET	14000	2000	11000	3000	0	0	3000	11000	11000	0	11000	-4000	0	7000	0	2000	0	2000	0	5000	10000	0	0	0	0	0	0	756000	0	374000	34000	352000	0	399000	254000	58000	0	0	0	0	2000	0	0	-3000	0	0	0	0	-22000	0	0	0	1000	0	-20000
1	SAP	0	47.20569881889763	SAP	0	0	0	0	0	0	0	0	0	0	0	0	0	0	0	21000	0	92000	89000	10000	212000	1000	0	0	0	0	0	364000	10000	175000	147000	82000	0	265000	44000	0	0	0	0	0	0	0	0	0	0	0	0	0	0	0	0	0	0	0	0
3	SAP	1	47.20569881889763	SAP	121000	116000	5000	116000	0	0	116000	5000	5000	0	5000	-4000	0	0	0	16000	0	103000	80000	10000	209000	1000	0	0	0	0	0	368000	67000	179000	154000	104000	0	272000	44000	0	0	0	0	2000	-7000	0	5000	0	0	-4000	0	0	-4000	0	0	0	2000	0	-2000
1	MELE	0	27.967194881889768	MELE	75000	40000	35000	57000	0	0	57000	18000	18000	0	18000	-1000	0	16000	0	28000	4000	51000	44000	0	128000	0	0	0	0	0	0	215000	21000	23000	37000	18000	0	57000	1000	160000	0	0	0	4000	8000	0	-5000	8000	30000	-7000	0	0	-6000	0	0	0	-28000	0	-4000
2	MELE	0	27.967194881889768	MELE	76000	40000	35000	57000	0	0	57000	19000	19000	0	19000	0	0	19000	0	35000	0	56000	48000	8000	146000	0	0	0	0	0	0	233000	11000	18000	42000	14000	0	58000	1000	179000	0	0	0	4000	-10000	0	-5000	2000	10000	-4000	0	0	1000	0	0	0	-4000	0	7000
3	MELE	1	27.967194881889768	MELE	82000	43000	39000	60000	0	0	60000	22000	22000	0	22000	0	0	21000	0	53000	0	52000	50000	6000	161000	0	0	0	0	0	0	250000	22000	19000	38000	14000	0	54000	1000	201000	0	0	0	6000	5000	0	-3000	0	25000	-5000	0	0	-6000	0	0	0	0	0	19000
1	MIKO	0	66.89711864406783	MIKO	36000	21000	16000	34000	0	0	34000	2000	2000	0	2000	0	0	2000	0	10000	0	27000	21000	1000	59000	0	0	0	0	0	0	118000	12000	26000	28000	12000	0	51000	5000	0	0	0	0	3000	3000	0	0	0	7000	-3000	0	0	-3000	0	0	0	0	0	4000
0	MONT	0	30.86252155511811	MONT	6000	0	6000	1000	0	0	1000	5000	5000	0	5000	-2000	0	2000	0	0	0	0	0	15000	15000	0	0	0	0	0	0	321000	0	177000	16000	177000	0	193000	128000	0	0	0	0	0	0	0	0	0	0	0	0	0	0	0	0	0	0	0	0
1	MONT	0	30.86252155511811	MONT	9000	3000	6000	4000	0	0	4000	5000	5000	0	5000	-4000	0	4000	0	4000	0	8000	0	7000	19000	0	0	0	0	0	0	340000	2000	187000	42000	155000	0	201000	139000	17000	0	0	0	0	0	0	0	0	0	0	0	0	0	0	0	0	0	0	0
2	MONT	0	30.86252155511811	MONT	7000	0	6000	1000	0	0	1000	5000	5000	0	5000	-2000	0	2000	0	0	0	0	0	21000	21000	0	0	0	0	0	0	370000	0	184000	44000	184000	0	229000	141000	0	0	0	0	0	0	0	0	0	0	0	0	0	0	0	0	0	0	0	0
3	MONT	1	30.86252155511811	MONT	8000	2000	6000	3000	0	0	3000	5000	5000	0	5000	-2000	0	1000	0	4000	0	22000	0	0	26000	0	0	0	0	0	0	380000	7000	184000	46000	154000	0	199000	191000	3000	0	0	0	0	0	0	0	0	0	0	0	0	0	0	0	0	0	0	0
1	DIE	0	33.56058070866141	DIE	1246000	853000	394000	1205000	0	0	1205000	41000	41000	0	41000	-13000	0	18000	0	200000	288000	394000	539000	2000	1431000	70000	0	0	0	0	0	3555000	194000	1038000	923000	686000	0	1830000	184000	1640000	0	0	0	17000	0	0	0	22000	64000	-34000	0	0	-130000	0	0	0	100000	-1000	34000
3	DIE	1	33.56058070866141	DIE	1487000	1054000	433000	1435000	0	0	1435000	51000	51000	0	51000	-12000	0	34000	0	204000	235000	527000	572000	0	1548000	84000	0	0	0	0	0	3724000	708000	1048000	925000	852000	0	1971000	184000	1662000	0	0	0	30000	0	0	0	-10000	67000	-28000	0	0	-22000	0	0	0	-43000	0	2000
0	DELB	0	49.997372047244056	DELB	5339000	4059000	1280000	5171000	0	0	5171000	168000	168000	0	168000	-49000	0	-78000	0	959000	153000	705000	1357000	309000	3483000	55000	0	0	0	0	0	11446000	1766000	2849000	2930000	2041000	0	6404000	5037000	0	0	0	0	146000	0	0	0	-13000	259000	-147000	0	0	-106000	0	0	0	-14000	-22000	117000
1	DELB	0	49.997372047244056	DELB	5338000	4063000	1275000	5163000	0	0	5163000	175000	175000	0	175000	-48000	0	100000	0	1149000	151000	622000	1353000	319000	3666000	46000	0	0	0	0	0	11596000	1993000	2809000	3142000	2019000	0	6520000	2865000	3677000	0	0	0	145000	0	0	0	213000	445000	-241000	0	0	-225000	0	0	0	-14000	-12000	194000
2	DELB	0	49.997372047244056	DELB	5120000	3891000	1229000	4961000	0	0	4961000	159000	159000	0	159000	-47000	0	90000	0	1147000	219000	680000	1319000	277000	3642000	55000	0	0	0	0	0	11454000	1799000	2798000	2963000	2025000	0	6298000	5150000	0	0	0	0	144000	0	0	0	-154000	121000	-79000	0	0	-102000	0	0	0	-13000	-1000	5000
3	DELB	0.17543859649122806	49.997372047244056	DELB	5273000	4008000	1265000	5095000	0	0	5095000	178000	178000	0	178000	-50000	0	-44000	0	1000000	231000	571000	1318000	147000	3267000	55000	0	0	0	0	0	10967000	1858000	2580000	2656000	2046000	0	5970000	4991000	0	0	0	0	149000	0	0	0	29000	204000	-150000	0	0	5000	0	0	0	-367000	7000	-151000
1	ELI	0	36.31807086614174	ELI	346000	183000	163000	260000	0	0	260000	86000	86000	0	86000	-31000	0	49000	0	438000	0	407000	16000	9000	870000	100000	0	0	0	0	0	6532000	227000	3199000	1478000	2626000	0	4323000	1516000	712000	0	0	0	34000	54000	0	0	29000	212000	-162000	0	0	-168000	0	0	0	0	0	44000
3	ELI	1	36.31807086614174	ELI	191000	87000	104000	145000	0	0	145000	47000	47000	0	47000	-30000	0	47000	0	60000	0	272000	14000	16000	362000	837000	0	0	0	0	0	5471000	243000	2692000	454000	2675000	0	3265000	1516000	708000	0	0	0	27000	13000	0	0	34000	84000	-51000	0	0	-53000	0	0	0	-122000	0	-91000
0	EVS	0	43.92884842519686	EVS	28000	7000	21000	20000	0	0	20000	8000	8000	0	8000	0	0	6000	0	17000	0	24000	17000	0	58000	9000	0	0	0	0	0	103000	6000	1000	27000	0	0	29000	8000	69000	0	0	0	1000	0	0	0	3000	9000	-2000	0	0	-2000	0	0	0	0	0	7000
1	EVS	0	43.92884842519686	EVS	39000	10000	28000	22000	0	0	22000	16000	16000	0	16000	0	0	11000	0	12000	0	33000	16000	3000	63000	9000	0	0	0	0	0	109000	5000	10000	30000	8000	0	40000	8000	65000	0	0	0	0	-10000	0	0	1000	3000	-2000	0	0	-2000	0	0	0	-7000	0	-6000
2	EVS	0	43.92884842519686	EVS	29000	7000	22000	19000	0	0	19000	10000	10000	0	10000	0	0	7000	0	23000	0	33000	18000	0	74000	9000	0	0	0	0	0	123000	6000	9000	34000	8000	0	45000	8000	72000	0	0	0	1000	2000	0	-2000	4000	13000	-4000	0	0	-4000	0	0	0	2000	0	11000
3	EVS	1	43.92884842519686	EVS	36000	9000	27000	23000	0	0	23000	13000	13000	0	13000	0	0	9000	0	35000	0	29000	18000	1000	82000	9000	0	0	0	0	0	137000	8000	29000	42000	22000	0	66000	8000	67000	0	0	0	1000	5000	0	0	0	17000	-7000	0	0	-7000	0	0	0	2000	0	12000
1	FLUX	0	29.283908730158743	FLUX	156000	53000	103000	112000	0	0	112000	44000	44000	0	44000	-13000	0	20000	0	131000	144000	70000	47000	17000	408000	0	0	0	0	0	0	2858000	38000	1588000	167000	1484000	0	2067000	60000	733000	0	0	0	36000	-7000	0	-1000	-4000	38000	-25000	0	0	-20000	0	0	0	-67000	0	-49000
3	FLUX	1	29.283908730158743	FLUX	143000	45000	98000	111000	0	0	111000	33000	33000	0	33000	-13000	0	13000	0	208000	114000	84000	41000	9000	456000	0	0	0	0	0	0	2846000	41000	1643000	161000	1551000	0	2128000	60000	667000	0	0	0	34000	4000	0	3000	3000	74000	-21000	0	0	-20000	0	0	0	-15000	0	38000
1	GBLB	0	71.92592519685043	GBLB	1135000	420000	715000	804000	0	0	804000	331000	331000	0	331000	0	0	315000	0	1075000	183000	616000	620000	158000	3227000	12435000	0	0	0	0	0	18958000	411000	3524000	1000000	3427000	40000	5267000	4469000	6306000	0	0	0	0	0	0	0	0	0	0	0	0	0	0	0	0	0	0	0
3	GBLB	0	71.92592519685043	GBLB	1412000	322000	1090000	892000	0	0	892000	520000	520000	0	520000	0	0	472000	0	936000	0	629000	667000	528000	3451000	12818000	0	0	0	0	0	19580000	473000	3218000	1389000	2813000	0	5052000	4469000	6344000	0	0	0	0	0	0	0	0	0	0	0	0	0	0	0	0	0	0	0
1	SIP	0	60.26683070866143	SIP	70000	57000	13000	64000	0	0	64000	6000	6000	0	6000	0	0	19000	0	21000	0	46000	37000	8000	111000	15000	0	0	0	0	0	710000	15000	52000	93000	0	0	168000	67000	0	0	0	0	4000	0	0	0	1000	18000	-18000	0	0	-19000	0	0	0	-9000	0	-11000
3	SIP	0	60.26683070866143	SIP	79000	55000	24000	62000	0	0	62000	17000	17000	0	17000	0	0	17000	0	41000	0	56000	36000	3000	136000	81000	0	0	0	0	0	766000	25000	61000	133000	0	0	205000	67000	0	0	0	0	4000	0	0	0	0	17000	-11000	0	0	-9000	0	0	0	4000	0	12000
1	TNET	0	43.71840551181101	TNET	417000	236000	181000	309000	0	0	309000	108000	108000	0	108000	-65000	0	-37000	0	214000	0	175000	15000	7000	432000	1000	0	0	0	0	0	3402000	142000	3868000	768000	3473000	0	4872000	45000	-2393000	0	0	0	36000	-7000	0	0	49000	189000	-60000	0	0	-73000	0	0	0	-11000	0	105000
2	TNET	0	43.71840551181101	TNET	417000	212000	205000	269000	0	0	269000	148000	148000	0	148000	-66000	0	39000	0	216000	0	131000	16000	84000	447000	0	0	0	0	0	0	3410000	112000	3875000	723000	3802000	0	4864000	973000	-2427000	0	0	0	75000	0	0	0	-20000	151000	-84000	0	0	-119000	0	0	0	-30000	0	2000
3	TNET	1	43.71840551181101	TNET	422000	233000	189000	292000	0	0	292000	130000	130000	0	130000	-65000	0	10000	0	182000	0	185000	14000	8000	418000	1000	0	0	0	0	0	3405000	165000	3737000	826000	3657000	0	4840000	61000	-2368000	0	0	0	62000	-25000	0	0	26000	193000	-52000	0	0	-65000	0	0	0	-162000	0	-34000
1	TERB	0	58.27637795275589	TERB	102000	75000	27000	98000	0	0	98000	4000	4000	0	4000	0	0	2000	0	7000	0	65000	24000	0	96000	5000	0	0	0	0	0	241000	57000	58000	92000	39000	0	141000	53000	46000	0	0	0	4000	0	0	1000	0	8000	-3000	0	0	-2000	0	0	0	-6000	0	0
3	TERB	0	58.27637795275589	TERB	100000	71000	28000	97000	0	0	97000	3000	3000	0	3000	0	0	2000	0	10000	0	56000	23000	0	89000	4000	0	0	0	0	0	231000	54000	57000	90000	33000	0	132000	53000	46000	0	0	0	4000	4000	0	1000	0	8000	-3000	0	0	-3000	0	0	0	-3000	0	1000
1	TEXF	0	36.03946850393701	TEXF	5000	1000	4000	3000	0	0	3000	2000	2000	0	2000	0	0	2000	0	7000	0	3000	5000	0	15000	0	0	0	0	0	0	108000	2000	5000	10000	2000	0	41000	8000	0	0	0	0	1000	0	0	0	0	2000	-2000	0	0	-1000	0	0	0	0	0	1000
3	TEXF	1	36.03946850393701	TEXF	5000	0	4000	3000	0	0	3000	2000	2000	0	2000	0	0	1000	0	5000	0	2000	5000	1000	13000	0	0	0	0	0	0	107000	4000	3000	6000	3000	0	38000	22000	0	0	0	0	1000	0	0	0	0	1000	-2000	0	0	-1000	0	0	0	-1000	0	-1000
1	TUB	0	50.27487204724409	TUB	0	0	0	0	0	0	0	0	0	0	0	-2000	0	17000	0	0	0	0	0	0	1000	1804000	0	0	0	0	0	1805000	0	232000	58000	175000	0	253000	236000	1401000	0	0	0	0	0	0	0	-3000	-3000	0	0	0	0	0	0	0	-12000	0	-15000
3	TUB	0.15789473684210525	50.27487204724409	TUB	0	0	0	0	0	0	0	0	0	0	0	-2000	0	21000	0	30000	0	0	0	0	30000	1766000	0	0	0	0	0	1796000	0	219000	62000	158000	0	239000	236000	1412000	0	0	0	0	0	0	0	0	2000	0	0	0	35000	0	0	0	-21000	0	15000
1	UCB	0	56.81413385826773	UCB	877000	296000	581000	754000	0	0	754000	124000	124000	0	124000	-30000	0	56000	0	740000	0	926000	627000	66000	2421000	79000	0	0	0	0	0	9907000	247000	2750000	2336000	2015000	0	5305000	2154000	2660000	0	0	0	59000	-41000	0	10000	-4000	133000	-60000	0	0	-62000	0	0	0	120000	-1000	190000
3	UCB	0	56.81413385826773	UCB	879000	281000	598000	742000	0	0	742000	137000	137000	0	137000	-49000	0	56000	0	638000	39000	1017000	625000	0	2319000	126000	0	0	0	0	0	9724000	1263000	2368000	2300000	1644000	0	5067000	2614000	2435000	0	0	0	56000	-7000	0	1000	13000	87000	-30000	0	0	-43000	0	0	0	-101000	1000	-56000
1	UMI	0	34.63659448818896	UMI	2215000	2033000	182000	2138000	0	0	2138000	77000	77000	0	77000	0	0	46000	0	99000	0	719000	1106000	36000	1961000	223000	0	0	0	0	0	3512000	711000	314000	1350000	26000	54000	1789000	503000	1647000	0	0	0	31000	35000	0	64000	-64000	138000	-79000	0	0	-98000	0	0	0	-48000	5000	-3000
3	UMI	1	34.63659448818896	UMI	2178000	1995000	183000	2119000	0	0	2119000	59000	59000	0	59000	-5000	0	43000	0	124000	0	882000	1095000	0	2101000	221000	0	0	0	0	0	3659000	1112000	327000	1474000	57000	0	1953000	503000	1674000	0	0	0	43000	0	0	0	17000	98000	-35000	0	0	-39000	0	0	0	-49000	2000	13000
1	VAN	0	37.85378937007872	VAN	43000	10000	33000	35000	0	0	35000	7000	7000	0	7000	-1000	0	6000	0	39000	0	18000	36000	0	96000	14000	0	0	0	0	0	197000	5000	0	15000	0	0	20000	3000	181000	0	0	0	2000	0	0	0	0	8000	-1000	0	0	-1000	0	0	0	0	0	6000
3	VAN	1	37.85378937007872	VAN	54000	0	54000	38000	0	0	38000	15000	15000	0	15000	-8000	0	3000	0	0	0	0	0	91000	91000	0	0	0	0	0	0	176000	0	0	17000	0	0	21000	153000	0	0	0	0	0	0	0	0	0	0	0	0	0	0	0	0	0	0	0	0
0	WEB	0	54.768840000000004	WEB	5000	1000	4000	1000	0	0	1000	3000	3000	0	3000	0	0	5000	0	0	0	4000	0	0	5000	0	0	0	0	0	0	195000	1000	53000	59000	1000	0	60000	37000	29000	0	0	0	0	0	0	0	0	3000	0	0	0	-2000	0	0	0	-2000	0	0
1	WEB	0	54.768840000000004	WEB	5000	1000	4000	1000	0	0	1000	3000	3000	0	3000	0	0	3000	0	0	0	4000	0	0	5000	0	0	0	0	0	0	197000	1000	62000	67000	1000	0	68000	37000	17000	0	0	0	0	0	0	0	0	3000	0	0	0	-2000	0	0	0	-1000	0	0
2	WEB	0	54.768840000000004	WEB	5000	1000	4000	1000	0	0	1000	3000	3000	0	3000	0	0	3000	0	0	0	4000	0	0	5000	0	0	0	0	0	0	197000	1000	62000	67000	1000	0	68000	37000	17000	0	0	0	0	0	0	0	0	3000	0	0	0	-2000	0	0	0	-1000	0	0
0	WDP	0	54.15183070866142	WDP	24000	1000	23000	2000	0	0	2000	22000	22000	0	22000	-6000	0	15000	0	0	0	15000	0	14000	29000	0	0	0	0	0	0	1270000	0	706000	207000	521000	0	781000	281000	63000	0	0	0	0	0	0	0	0	0	0	0	0	0	0	0	0	0	0	0
1	WDP	0	54.15183070866142	WDP	30000	8000	22000	10000	0	0	10000	20000	20000	0	20000	0	0	17000	0	2000	0	7000	0	9000	18000	11000	0	0	0	0	0	1308000	11000	711000	193000	521000	0	781000	306000	171000	0	0	0	0	0	0	0	0	0	0	0	0	0	0	0	0	0	0	0
2	WDP	0	54.15183070866142	WDP	23000	1000	23000	2000	0	0	2000	21000	21000	0	21000	-6000	0	11000	0	1000	0	11000	0	5000	17000	26000	0	0	0	0	0	1320000	0	709000	238000	488000	0	783000	302000	11000	0	0	0	0	0	0	0	0	0	0	0	0	0	0	0	0	0	0	0
3	WDP	0	54.15183070866142	WDP	30000	5000	25000	7000	0	0	7000	24000	24000	0	24000	-7000	0	13000	0	2000	0	13000	0	6000	22000	25000	0	0	0	0	0	1410000	18000	803000	252000	564000	0	892000	325000	23000	0	0	0	0	0	0	0	0	0	0	0	0	0	0	0	0	0	0	0
1	ZTS	0	20.177381889763787	ZTS	54000	31000	23000	52000	0	0	52000	2000	2000	0	2000	0	0	1000	0	11000	0	58000	14000	0	94000	3000	0	0	0	0	0	163000	29000	14000	80000	3000	0	86000	50000	3000	0	0	0	1000	0	0	0	-3000	0	-2000	0	0	-3000	0	0	0	3000	0	1000
3	ZTS	1	20.177381889763787	ZTS	59000	35000	24000	57000	0	0	57000	2000	2000	0	2000	0	0	1000	0	12000	0	63000	14000	0	102000	2000	0	0	0	0	0	173000	32000	15000	92000	1000	0	96000	50000	2000	0	0	0	1000	0	0	0	1000	4000	-2000	0	0	-3000	0	0	0	-1000	0	1000