season	tic	treat	avgvol	ticnum
1	VASTB	0	610.4651162790698	4
2	VASTB	0	730.3030303030303	4
3	VASTB	0	873.4375	4
4	VASTB	0	1015.3846153846154	4
1	FLUX	0	3229.0697674418607	8
2	FLUX	0	2727.2727272727275	8
3	FLUX	0	2360.9375	8
4	FLUX	1	1996.923076923077	8
1	AGS	0	521558.1395348837	13
2	AGS	0	435577.2727272727	13
3	AGS	0	455296.875	13
4	AGS	1	439500	13
1	LOUV	0	3.488372093023256	16
2	LOUV	0	3.0303030303030303	16
3	LOUV	0	12.5	16
4	LOUV	0	3.076923076923077	16
1	LEAS	0	1889.5348837209303	19
2	LEAS	0	1421.2121212121212	19
3	LEAS	0	2167.1875	19
1	SAB	0	33.72093023255814	20
2	SAB	0	90.9090909090909	20
3	SAB	0	39.0625	20
4	SAB	1	15.384615384615385	20
1	MONT	0	1130.2325581395348	29
2	MONT	0	1857.5757575757575	29
3	MONT	0	2692.1875	29
4	MONT	1	3496.923076923077	29
1	TEXF	0	938.3720930232558	30
2	TEXF	0	687.8787878787879	30
3	TEXF	0	423.4375	30
4	TEXF	1	576.9230769230769	30
1	AUDB	0	20.930232558139537	32
2	AUDB	0	21.21212121212121	32
3	AUDB	0	14.0625	32
4	AUDB	0	32.30769230769231	32
2	MELE	0	23621.21212121212	33
3	MELE	0	27170.3125	33
4	MELE	1	31209.23076923077	33
1	SOF	0	7865.116279069767	34
2	SOF	0	11600	34
1	ABI	0	1597372.0930232557	35
2	ABI	0	846010.6060606061	35
3	ABI	0	1373971.875	35
1	TUB	0	7646.511627906977	36
2	TUB	0	9131.818181818182	36
3	TUB	0	12128.125	36
4	TUB	0	9758.461538461539	36
1	DIE	0	39926.74418604651	38
2	DIE	0	38713.63636363636	38
3	DIE	0	73118.75	38
4	DIE	1	38172.307692307695	38
1	AED	0	7591.860465116279	41
2	AED	0	6821.212121212121	41
3	AED	0	8428.125	41
4	AED	0	7138.461538461538	41
1	FLOB	0	25.58139534883721	48
2	FLOB	0	54.54545454545455	48
3	FLOB	0	110.9375	48
4	FLOB	0	63.07692307692308	48
1	MIKO	0	311.6279069767442	49
2	MIKO	0	236.36363636363637	49
3	MIKO	0	428.125	49
4	MIKO	0	372.3076923076923	49
1	SPA	0	110.46511627906976	52
2	SPA	0	148.4848484848485	52
3	SPA	0	153.125	52
4	SPA	0	49.23076923076923	52
1	RCUS	0	76226.74418604652	54
2	RCUS	0	49301.51515151515	54
3	RCUS	0	129087.5	54
4	RCUS	1	82573.84615384616	54
4	ZTS	1	2572.3076923076924	56
1	GBLB	0	96294.18604651163	58
2	GBLB	0	55678.78787878788	58
3	GBLB	0	86509.375	58
4	GBLB	0	84318.46153846153	58
1	EVS	0	21038.372093023256	61
2	EVS	0	48178.78787878788	61
3	EVS	0	33726.5625	61
4	EVS	1	40320	61
1	CFEB	0	18544.18604651163	64
2	CFEB	0	16542.424242424244	64
3	CFEB	0	19539.0625	64
4	CFEB	0	12844.615384615385	64
1	ELI	0	29424.418604651164	71
2	ELI	0	30750	71
3	ELI	0	27731.25	71
4	ELI	1	42107.692307692305	71
3	QRF	0	2237.5	74
4	QRF	1	1480	74
2	CARD	0	36760.606060606064	79
3	CARD	0	40251.5625	79
4	CARD	1	12647.692307692309	79
1	SAP	0	261.6279069767442	80
2	SAP	0	189.3939393939394	80
3	SAP	0	171.875	80
4	SAP	1	120	80
1	TNET	0	98851.16279069768	81
2	TNET	0	78871.21212121213	81
3	TNET	0	94354.6875	81
4	TNET	1	97870.76923076923	81
1	COLR	0	134723.2558139535	82
2	COLR	0	119224.24242424243	82
3	COLR	0	160679.6875	82
4	COLR	1	132238.46153846153	82
1	WDP	0	10882.558139534884	83
2	WDP	0	8939.39393939394	83
3	WDP	0	12046.875	83
4	WDP	0	11826.153846153846	83
4	TESB	1	43615.38461538462	84
2	KBCA	0	95827.27272727272	87
3	KBCA	0	66145.3125	87
4	KBCA	1	42084.61538461538	87
1	UCB	0	241093.02325581395	88
2	UCB	0	198037.87878787878	88
3	UCB	0	293942.1875	88
4	UCB	0	194363.07692307694	88
1	LUXA	0	25.58139534883721	93
1	FOY	0	811.6279069767442	95
2	FOY	0	192.42424242424244	95
3	FOY	0	421.875	95
1	VAN	0	4200	101
2	VAN	0	6796.969696969697	101
3	VAN	0	8232.8125	101
4	VAN	1	4138.461538461538	101
1	IMMOU	0	24.41860465116279	104
2	IMMOU	0	40.90909090909091	104
3	IMMOU	0	87.5	104
4	IMMOU	1	107.6923076923077	104
1	RTL	0	34329.06976744186	105
4	INTO	1	5469.2307692307695	106
1	UMI	0	484456.9767441861	110
2	UMI	0	274462.1212121212	110
3	UMI	0	564965.625	110
4	UMI	1	458669.23076923075	110
1	BEFB	0	21706.493506493505	111
2	BEFB	0	19053.030303030304	111
3	BEFB	0	24220.3125	111
4	BEFB	0	25130.76923076923	111
2	BELG	0	709512.1212121212	114
3	BELG	0	641396.875	114
4	BELG	1	637072.3076923077	114
1	DELB	0	485934.88372093026	119
2	DELB	0	406637.8787878788	119
3	DELB	0	539262.5	119
4	DELB	0	373869.23076923075	119
1	BAR	0	31636.04651162791	127
2	BAR	0	24618.18181818182	127
3	BAR	0	25009.375	127
4	BAR	0	22887.69230769231	127
1	ACKB	0	26846.511627906977	128
2	ACKB	0	16707.575757575756	128
3	REA	0	11678.125	129
4	REA	1	5152.307692307692	129
1	BEKB	0	121540.69767441861	130
2	BEKB	0	98656.06060606061	130
3	BEKB	0	85829.6875	130
4	BEKB	1	54804.61538461538	130
1	PIC	0	5174.418604651163	131
2	PIC	0	3934.848484848485	131
3	PIC	0	5898.4375	131
4	PIC	1	1561.5384615384614	131
1	KBC	0	1070689.534883721	136
2	KBC	0	908718.1818181818	136
3	KBC	0	1059756.25	136
4	KBC	1	920507.6923076923	136
1	RES	0	1717.4418604651162	138
1	SIP	0	3346.5116279069766	140
2	SIP	0	2760.6060606060605	140
3	SIP	0	3084.375	140
4	SIP	0	2586.153846153846	140
2	CMB	0	24231.81818181818	143
3	CMB	0	22673.4375	143
4	CMB	1	19010.76923076923	143
3	WESB	0	1.5625	144
1	ATEB	0	1641.860465116279	145
2	ATEB	0	1763.6363636363637	145
3	ATEB	0	2176.5625	145
4	ATEB	1	1843.076923076923	145
1	THR	0	261089.53488372092	146
1	ASC	0	302.3255813953488	148
2	ASC	0	512.1212121212121	148
3	ASC	0	1153.125	148
4	ASC	0	3472.3076923076924	148
1	ANT	0	55.81395348837209	151
2	ANT	0	81.81818181818181	151
3	ANT	0	3.125	151
4	ANT	0	18.46153846153846	151
1	TERB	0	355.8139534883721	154
2	TERB	0	440.90909090909093	154
3	TERB	0	425	154
4	TERB	0	386.15384615384613	154
1	IMMO	0	1902.3255813953488	155
2	IMMO	0	2036.3636363636363	155
3	IMMO	0	1578.125	155
4	IMMO	1	1709.2307692307693	155
1	GIMB	0	12774.418604651162	156
2	GIMB	0	14439.0625	156
3	GIMB	0	19947.619047619046	156
4	GIMB	1	16077.41935483871	156
1	BREB	0	4794.186046511628	157
2	BREB	0	5724.242424242424	157
3	BREB	0	5718.75	157