season	tic	treat
0	OPTI	1	111059.30232558139
1	OPTI	1	294572.7272727273
2	OPTI	1	369315.625
3	OPTI	1	1074963.076923077
0	AGFB	1	301365.11627906974
1	AGFB	1	254336.36363636365
2	AGFB	1	357501.5625
3	AGFB	1	355695.3846153846
0	VASTB	0	610.4651162790698
1	VASTB	0	730.3030303030303
2	VASTB	0	873.4375
3	VASTB	0	1015.3846153846154
0	PCBB	1	162.7906976744186
1	PCBB	1	657.5757575757576
2	PCBB	1	551.5625
3	PCBB	1	367.6923076923077
0	SMAR	1	53380.232558139534
1	SMAR	1	26928.78787878788
2	SMAR	1	17182.8125
3	SMAR	1	9055.384615384615
0	FLUX	1	3229.0697674418607
1	FLUX	1	2727.2727272727275
2	FLUX	1	2360.9375
3	FLUX	1	1996.923076923077
0	AGS	1	521558.1395348837
1	AGS	1	435577.2727272727
2	AGS	1	455296.875
3	AGS	1	439500
0	JEN	1	2293.0232558139537
1	JEN	1	5362.121212121212
2	JEN	1	3939.0625
3	JEN	1	3324.6153846153848
0	LOUV	0	3.488372093023256
1	LOUV	0	3.0303030303030303
2	LOUV	0	12.5
3	LOUV	0	3.076923076923077
0	WESL	1	3.488372093023256
1	WESL	1	3.0303030303030303
3	WESL	1	16.923076923076923
0	LEAS	0	1889.5348837209303
1	LEAS	0	1421.2121212121212
2	LEAS	0	2167.1875
3	LEAS	0	1872.3076923076924
0	SAB	1	33.72093023255814
1	SAB	1	90.9090909090909
2	SAB	1	39.0625
3	SAB	1	15.384615384615385
0	IEP	1	18231.39534883721
1	IEP	1	36342.42424242424
2	IEP	1	7490.625
3	IEP	1	21076.923076923078
0	ECONB	1	64618.604651162794
1	ECONB	1	155457.57575757575
2	ECONB	1	173459.375
3	ECONB	1	93926.15384615384
1	MOUR	0	65.15151515151516
2	MOUR	0	126.5625
0	ACCB	1	336782.5581395349
1	ACCB	1	648233.3333333334
2	ACCB	1	534115.625
3	ACCB	1	292726.1538461539
0	DEXB	1	6240031.395348838
1	DEXB	1	3035115.1515151514
2	DEXB	1	1686856.25
3	DEXB	1	3862298.4615384615
0	MONT	1	1130.2325581395348
1	MONT	1	1857.5757575757575
2	MONT	1	2692.1875
3	MONT	1	3496.923076923077
0	TEXF	1	938.3720930232558
1	TEXF	1	687.8787878787879
2	TEXF	1	423.4375
3	TEXF	1	576.9230769230769
0	REC	1	21877.906976744187
1	REC	1	51107.57575757576
2	REC	1	58853.125
3	REC	1	34164.61538461538
0	AUDB	0	20.930232558139537
1	AUDB	0	21.21212121212121
2	AUDB	0	14.0625
3	AUDB	0	32.30769230769231
0	MELE	1	17508.13953488372
1	MELE	1	23621.21212121212
2	MELE	1	27170.3125
3	MELE	1	31209.23076923077
0	SOF	0	7865.116279069767
1	SOF	0	11600
2	SOF	0	11203.125
3	SOF	0	8312.307692307691
0	ABI	0	1597372.0930232557
1	ABI	0	846010.6060606061
2	ABI	0	1373971.875
3	ABI	0	1386678.4615384615
0	TUB	1	7646.511627906977
1	TUB	1	9131.818181818182
2	TUB	1	12128.125
3	TUB	0	9758.461538461539
0	DIE	1	39926.74418604651
1	DIE	1	38713.63636363636
2	DIE	1	73118.75
3	DIE	1	38172.307692307695
0	RHJI	1	76051.16279069768
1	RHJI	1	60030.30303030303
2	RHJI	1	113857.8125
3	RHJI	1	70675.38461538461
0	EURN	1	45904.651162790695
1	EURN	1	102312.12121212122
2	EURN	1	275771.875
3	EURN	1	69918.46153846153
0	AED	1	7591.860465116279
1	AED	0	6821.212121212121
2	AED	0	8428.125
3	AED	0	7138.461538461538
0	ROU	1	1560.4651162790697
1	ROU	1	1396.969696969697
2	ROU	1	2859.375
3	ROU	1	1463.076923076923
0	TUBAT	1	6395.3488372093025
1	TUBAT	1	274.24242424242425
2	TUBAT	1	62.5
3	TUBAT	1	38.46153846153846
0	GLPG	1	66039.53488372093
1	GLPG	1	88474.24242424243
2	GLPG	1	110195.3125
0	EZBG	1	3230.232558139535
1	EZBG	1	5142.424242424242
2	EZBG	1	5031.25
3	EZBG	1	2336.923076923077
0	FLOB	0	25.58139534883721
1	FLOB	0	54.54545454545455
2	FLOB	0	110.9375
3	FLOB	0	63.07692307692308
0	MIKO	0	311.6279069767442
1	MIKO	0	236.36363636363637
2	MIKO	0	428.125
3	MIKO	0	372.3076923076923
0	UNITB	1	489.5348837209302
1	UNITB	1	1303.030303030303
2	UNITB	1	1571.875
3	UNITB	1	1021.5384615384615
0	SPA	0	110.46511627906976
1	SPA	0	148.4848484848485
2	SPA	0	153.125
3	SPA	0	49.23076923076923
0	RCUS	1	76226.74418604652
1	RCUS	1	49301.51515151515
2	RCUS	1	129087.5
3	RCUS	1	82573.84615384616
0	ZTS	1	3431.3953488372094
1	ZTS	1	2295.4545454545455
2	ZTS	1	4540.625
3	ZTS	1	2572.3076923076924
0	KEYW	1	6102.325581395349
1	KEYW	1	11590.90909090909
2	KEYW	1	13603.125
3	KEYW	1	5906.153846153846
0	GBLB	0	96294.18604651163
1	GBLB	0	55678.78787878788
2	GBLB	0	86509.375
3	GBLB	0	84318.46153846153
0	SIOE	1	9996.511627906977
1	SIOE	1	16142.424242424242
2	SIOE	1	9053.125
3	SIOE	1	13249.23076923077
0	EVS	0	21038.372093023256
1	EVS	1	48178.78787878788
2	EVS	1	33726.5625
3	EVS	1	40320
0	BANI	1	2398.8372093023254
1	BANI	1	1739.3939393939395
2	BANI	1	4367.1875
3	BANI	1	2253.846153846154
0	CFEB	1	18544.18604651163
1	CFEB	0	16542.424242424244
2	CFEB	0	19539.0625
3	CFEB	0	12844.615384615385
0	VGP	1	203.48837209302326
1	VGP	1	133.33333333333334
2	VGP	1	192.1875
3	VGP	1	263.0769230769231
0	COFB	0	36623.25581395349
1	COFB	0	27443.939393939392
2	COFB	0	33923.4375
3	COFB	0	37498.46153846154
0	MDXH	1	125651.16279069768
1	MDXH	1	47556.06060606061
2	MDXH	1	169220.3125
3	MDXH	1	76393.84615384616
0	ELI	1	29424.418604651164
1	ELI	1	30750
2	ELI	1	27731.25
3	ELI	1	42107.692307692305
0	BELR	0	3.488372093023256
3	BELR	0	46.15384615384615
2	QRF	1	2237.5
3	QRF	1	1480
0	NYR	1	584353.4883720931
1	NYR	1	1000131.8181818182
2	NYR	1	792839.0625
3	NYR	1	395735.3846153846
0	ABO	1	11338.372093023256
1	ABO	1	29484.848484848484
2	ABO	1	79539.0625
3	ABO	1	322029.23076923075
0	MEDV	1	205.8139534883721
1	MEDV	1	657.5757575757576
2	MEDV	1	600
3	MEDV	1	76.92307692307692
0	BIL	1	10845.348837209302
1	BIL	1	25506.060606060608
2	BIL	1	25668.75
3	BIL	1	19741.53846153846
0	CARD	1	5337.096774193548
1	CARD	1	36760.606060606064
2	CARD	1	40251.5625
3	CARD	1	12647.692307692309
0	SAP	1	261.6279069767442
1	SAP	1	189.3939393939394
2	SAP	1	171.875
3	SAP	1	120
0	TNET	1	98851.16279069768
1	TNET	1	78871.21212121213
2	TNET	1	94354.6875
3	TNET	1	97870.76923076923
0	COLR	1	134723.2558139535
1	COLR	1	119224.24242424243
2	COLR	1	160679.6875
3	COLR	1	132238.46153846153
0	WDP	0	10882.558139534884
1	WDP	0	8939.39393939394
2	WDP	0	12046.875
3	WDP	0	11826.153846153846
0	TESB	1	51030.232558139534
1	TESB	1	64187.878787878784
2	TESB	1	64523.4375
3	TESB	1	43615.38461538462
0	MARC	1	8.13953488372093
1	MARC	1	74.24242424242425
2	MARC	1	17.1875
3	MARC	1	118.46153846153847
0	KBCA	1	87259.30232558139
1	KBCA	1	95827.27272727272
2	KBCA	1	66145.3125
3	KBCA	1	42084.61538461538
0	UCB	1	241093.02325581395
1	UCB	1	198037.87878787878
2	UCB	0	293942.1875
3	UCB	0	194363.07692307694
0	HAMO	1	2541.860465116279
1	HAMO	1	3240.909090909091
2	HAMO	1	4276.5625
3	HAMO	1	2606.153846153846
0	BELU	1	227.90697674418604
1	BELU	1	68.18181818181819
2	BELU	1	182.8125
3	BELU	1	213.84615384615384
0	MOBB	1	191459.3023255814
1	MOBB	1	119450
2	MOBB	1	130807.8125
3	MOBB	1	154195.38461538462
0	LUXA	0	25.58139534883721
1	LUXA	0	42.42424242424242
2	LUXA	0	37.5
3	LUXA	0	18.75
0	BPOST	1	381925
1	BPOST	1	112207.57575757576
2	BPOST	1	467864.0625
3	BPOST	1	235975.38461538462
0	FOY	0	811.6279069767442
1	FOY	0	192.42424242424244
2	FOY	0	421.875
3	FOY	0	1776.923076923077
0	SUCR	1	72.09302325581395
1	SUCR	1	39.39393939393939
2	SUCR	1	57.8125
3	SUCR	1	13.846153846153847
0	QFG	1	3959.3023255813955
1	QFG	1	5439.0625
2	QFG	1	12311.111111111111
3	QFG	1	5416.393442622951
0	TIG	1	1045262.7906976744
1	TIG	1	2813589.393939394
2	TIG	1	3523450
3	TIG	1	762216.9230769231
0	CAMB	1	227.90697674418604
1	CAMB	1	193.93939393939394
2	CAMB	1	187.5
3	CAMB	1	296.9230769230769
0	VAN	1	4200
1	VAN	1	6796.969696969697
2	VAN	1	8232.8125
3	VAN	1	4138.461538461538
0	WEHB	0	1313.953488372093
1	WEHB	0	1734.8484848484848
2	WEHB	0	1232.8125
3	WEHB	0	1247.6923076923076
0	ENINV	1	782.5581395348837
1	ENINV	1	5700
2	ENINV	1	5925
3	ENINV	1	3753.846153846154
0	IMMOU	0	24.41860465116279
1	IMMOU	0	40.90909090909091
2	IMMOU	1	87.5
3	IMMOU	1	107.6923076923077
0	RTL	0	34329.06976744186
1	RTL	0	47728.78787878788
2	RTL	0	22525
3	RTL	0	21447.69230769231
3	INTO	1	5469.2307692307695
0	THI	1	116.27906976744185
1	THI	1	2263.6363636363635
2	THI	1	75
3	THI	1	21.53846153846154
0	ZENT	1	4574.418604651163
1	ZENT	1	3365.151515151515
2	ZENT	1	8479.6875
3	ZENT	1	9527.692307692309
0	UMI	1	484456.9767441861
1	UMI	1	274462.1212121212
2	UMI	1	564965.625
3	UMI	1	458669.23076923075
0	BEFB	0	21706.493506493505
1	BEFB	0	19053.030303030304
2	BEFB	0	24220.3125
3	BEFB	0	25130.76923076923
0	NEU	1	4.651162790697675
1	NEU	1	21.21212121212121
2	NEU	1	7.8125
3	NEU	1	3.076923076923077
0	ABLX	1	153754.6511627907
1	ABLX	1	137801.51515151514
2	ABLX	1	240131.25
3	ABLX	1	95649.23076923077
0	BELG	1	668127.9069767442
1	BELG	1	709512.1212121212
2	BELG	1	641396.875
3	BELG	1	637072.3076923077
0	GRYFO	1	2820.9302325581393
1	GRYFO	1	1762.121212121212
2	GRYFO	1	3500
3	GRYFO	1	2470.769230769231
2	VIO	1	52064.0625
3	VIO	1	27213.846153846152
0	DELB	1	485934.88372093026
1	DELB	1	406637.8787878788
2	DELB	1	539262.5
3	DELB	0	373869.23076923075
0	CONN	1	1551.1627906976744
1	CONN	1	2856.060606060606
2	CONN	1	3081.25
3	CONN	1	1666.1538461538462
0	DECB	1	60551.16279069767
1	DECB	1	112554.54545454546
2	DECB	1	238670.3125
3	DECB	1	76615.38461538461
0	IBAB	1	20056.976744186046
1	IBAB	1	31774.242424242424
2	IBAB	1	23748.4375
3	IBAB	1	56920
0	FOU	1	372.09302325581393
1	FOU	1	693.939393939394
2	FOU	1	1731.25
3	FOU	1	672.3076923076923
1	ENVI	1	42.42424242424242
0	BAR	0	31636.04651162791
1	BAR	0	24618.18181818182
2	BAR	0	25009.375
3	BAR	0	22887.69230769231
0	ACKB	0	26846.511627906977
1	ACKB	0	16707.575757575756
2	ACKB	0	32953.125
3	ACKB	0	28520
0	REA	1	3395.3488372093025
1	REA	1	7083.333333333333
2	REA	1	11678.125
3	REA	1	5152.307692307692
0	BEKB	1	121540.69767441861
1	BEKB	1	98656.06060606061
2	BEKB	1	85829.6875
3	BEKB	1	54804.61538461538
0	PIC	1	5174.418604651163
1	PIC	1	3934.848484848485
2	PIC	1	5898.4375
3	PIC	1	1561.5384615384614
0	KBC	1	1070689.534883721
1	KBC	1	908718.1818181818
2	KBC	1	1059756.25
3	KBC	1	920507.6923076923
0	RES	0	1717.4418604651162
1	RES	0	1969.6969696969697
0	EXM	1	61204.651162790695
1	EXM	1	118689.39393939394
2	EXM	1	67942.1875
3	EXM	1	55373.846153846156
0	SIP	0	3346.5116279069766
1	SIP	0	2760.6060606060605
2	SIP	0	3084.375
3	SIP	0	2586.153846153846
0	CMB	1	19616.279069767443
1	CMB	1	24231.81818181818
2	CMB	1	22673.4375
3	CMB	1	19010.76923076923
2	WESB	1	1.5625
3	WESB	1	3.076923076923077
0	ATEB	1	1641.860465116279
1	ATEB	1	1763.6363636363637
2	ATEB	1	2176.5625
3	ATEB	1	1843.076923076923
0	THR	1	261089.53488372092
1	THR	1	166625.75757575757
2	THR	1	158320.3125
3	THR	1	210472.3076923077
0	PAY	1	1494.1860465116279
1	PAY	1	984.8484848484849
2	PAY	1	4279.6875
3	PAY	1	2909.230769230769
0	ASC	0	302.3255813953488
1	ASC	0	512.1212121212121
2	ASC	0	1153.125
3	ASC	0	3472.3076923076924
0	OIM	1	24546.511627906977
1	OIM	1	138218.18181818182
2	OIM	1	123978.125
3	OIM	1	182870.76923076922
0	ANT	0	55.81395348837209
1	ANT	0	81.81818181818181
2	ANT	0	3.125
3	ANT	0	18.46153846153846
3	CPINV	1	3509.230769230769
0	GLOG	1	5003.488372093023
1	GLOG	1	14092.424242424242
2	GLOG	1	15601.5625
3	GLOG	1	10889.23076923077
0	TERB	0	355.8139534883721
1	TERB	0	440.90909090909093
2	TERB	0	425
3	TERB	0	386.15384615384613
0	IMMO	1	1902.3255813953488
1	IMMO	1	2036.3636363636363
2	IMMO	1	1578.125
3	IMMO	1	1709.2307692307693
0	GIMB	1	12774.418604651162
1	GIMB	1	14439.0625
2	GIMB	1	19947.619047619046
3	GIMB	1	16077.41935483871
0	BREB	1	4794.186046511628
1	BREB	1	5724.242424242424
2	BREB	1	5718.75