season	tic	treat	vol	trades	VPT	tic_symbol	at
0	0	0	5484815	57479	95.42293707267002	BEKB	378000
1	0	1	3686203	39438	93.46830468076475	BEKB	378000
0	2	0	29993462	84368	355.50756210885646	BPOST	703000
1	2	1	15648625	64317	243.30464729387253	BPOST	703000
0	3	0	292633	2694	108.62397921306608	BREB	0
1	3	1	481052	2988	160.9946452476573	BREB	0
0	4	0	2634510	40359	65.27688991303054	CARD	3000
1	4	1	837045	13273	63.06373841633391	CARD	3000
0	5	0	1244884	20264	61.43328069482827	CFEB	1020000
1	5	0	851265	16989	50.10683383365707	CFEB	1020000
0	6	0	1365059	9769	139.73374961613266	CMB	76000
1	6	1	1243855	8226	151.2101872112813	CMB	76000
0	7	0	2170576	45652	47.54613160431087	COFB	70000
1	7	0	2480108	55729	44.503005616465394	COFB	70000
0	10	0	4590523	47025	97.61877724614567	DIE	708000
1	10	1	2512809	32142	78.1783647563935	DIE	708000
0	11	0	96375293	675999	142.5672123775331	ABI	10272000
1	11	0	92161915	664166	138.76337391555725	ABI	10272000
0	12	0	15352744	41326	371.5032667086096	ABLX	9000
1	12	1	6306310	27853	226.4140308045812	ABLX	9000
0	14	0	2336819	48094	48.58857653761384	ACKB	1096000
1	14	0	1898493	46065	41.213350700097685	ACKB	1096000
0	15	0	537596	8884	60.5128320576317	AED	7000
1	15	0.24561403508771928	479960	9082	52.84739044263378	AED	7000
0	16	0	29006269	170672	169.9532963813631	AGS	5649000
1	16	1	29051980	177708	163.4815540099489	AGS	5649000
0	17	0	23302631	16297	1429.8724305086826	AGFB	241000
1	17	1	23490278	25679	914.7660734452276	AGFB	241000
0	18	0	78321	588	133.19897959183675	ASC	0
1	18	0	229340	821	279.34226552984165	ASC	0
0	19	0	143768	1775	80.99605633802817	ATEB	27000
1	19	1	125191	1787	70.0565193060996	ATEB	27000
0	20	0	293117	1134	258.48059964726633	BANI	14000
1	20	1	149778	651	230.073732718894	BANI	14000
0	21	0	1601542	27481	58.278155816746114	BAR	120000
1	21	0	1511678	30705	49.23230744178473	BAR	120000
0	22	0	1537231	23188	66.29424702432293	BEFB	57000
1	22	0	1658092	25387	65.31264032772678	BEFB	57000
0	24	0	10739899	13337	805.2709754817425	MDXH	3000
1	24	1	5067998	10314	491.3707581927477	MDXH	3000
0	25	0	1755687	17763	98.83955412937004	MELE	22000
1	25	1	2041815	22343	91.38499753837891	MELE	22000
0	26	0	29598	363	81.53719008264463	MIKO	0
1	26	0	26689	226	118.09292035398231	MIKO	0
0	27	0	8310120	36790	225.87985865724383	MOBB	313000
1	27	1	10150220	42264	240.16231307968957	MOBB	313000
0	28	0	181464	1420	127.79154929577464	MONT	7000
1	28	1	237013	1699	139.50147145379634	MONT	7000
0	29	0	51147783	34840	1468.0764351320322	NYR	525000
1	29	1	26205484	27185	963.9685120470848	NYR	525000
0	31	0	23625717	3444	6859.964285714285	OPTI	7000
1	31	1	69925945	17035	4104.839741708248	OPTI	7000
0	32	0	380798	3109	122.48247024766806	PIC	47000
1	32	1	106487	1057	100.7445600756859	PIC	47000
0	36	0	3843084	8170	470.38971848225214	REC	84000
1	36	1	2243227	6799	329.93484335931754	REC	84000
0	37	0	1641937	5635	291.3818988464951	BIL	11000
1	37	1	1313925	4682	280.6332763776164	BIL	11000
0	39	0	7266230	8920	814.5997757847533	RHJI	0
1	39	1	4671422	8090	577.4316440049444	RHJI	0
0	40	0	186986	1038	180.14065510597302	ROU	122000
1	40	1	98329	839	117.19785458879619	ROU	122000
0	41	0	1453987	19403	74.93619543369581	RTL	2624000
1	41	0	1447182	16623	87.05901461829994	RTL	2624000
0	42	0	15381	357	43.08403361344538	SAP	67000
1	42	1	10772	290	37.144827586206894	SAP	67000
0	43	0	587130	2305	254.72017353579176	SIOE	30000
1	43	1	869206	3951	219.99645659326754	SIOE	30000
0	44	0	15267134	11387	1340.7512075173443	DECB	87000
1	44	1	5084008	6404	793.8800749531542	DECB	87000
0	45	0	34127339	299004	114.1367306122995	DELB	1858000
1	45	0.17543859649122806	25162543	243311	103.41720267476605	DELB	1858000
0	46	0	123056227	7921	15535.440853427597	DEXB	0
1	46	1	251546983	7909	31805.156530534834	DEXB	0
0	48	0	11037295	24730	446.3119692680954	ECONB	486000
1	48	1	6198316	24358	254.46736185236884	ECONB	486000
0	49	0	1781245	19908	89.47382961623468	ELI	243000
1	49	1	2779657	34158	81.37645646700626	ELI	243000
0	50	0	16662433	39569	421.09815764866437	EURN	143000
1	50	1	4691065	18856	248.78367628341113	EURN	143000
0	51	0	2206487	32415	68.06993675767391	EVS	8000
1	51	1	2662512	38973	68.31683473173736	EVS	8000
0	52	0	4332338	22238	194.81689000809425	EXM	60000
1	52	1	3669588	20093	182.63016971084457	EXM	60000
0	54	0	153611	1324	116.0203927492447	FLUX	41000
1	54	1	134376	1237	108.63055780113177	FLUX	41000
0	55	0	6204428	75968	81.67159856781802	GBLB	473000
1	55	0	5589670	69050	80.95104996379435	GBLB	473000
0	57	0	1016497	996	1020.5793172690763	GLOG	0
1	57	1	716197	764	937.4306282722513	GLOG	0
0	59	0	277980	2261	122.94559929234852	HAMO	168000
1	59	1	175862	1317	133.5322703113136	HAMO	168000
0	60	0	77875	1306	59.62863705972435	HOMI	4000
1	60	0	67076	1149	58.37771975630984	HOMI	4000
0	61	0	1414313	4946	285.95086938940557	IBAB	38000
1	61	1	3791259	12337	307.3080165356245	IBAB	38000
0	64	0	103020	1438	71.64116828929068	IMMO	13000
1	64	1	118145	1597	73.97933625547903	IMMO	13000
0	66	0	257758	1657	155.55703077851538	JEN	19000
1	66	1	220845	1111	198.78037803780379	JEN	19000
0	67	0	67544369	427788	157.8921545251386	KBC	158991000
1	67	1	60789557	405688	149.84312328686084	KBC	158991000
0	68	0	4252644	30624	138.86637931034483	KBCA	0
1	68	1	2780233	24450	113.71096114519428	KBCA	0
0	69	0	900054	590	1525.5152542372882	KEYW	2000
1	69	1	385691	393	981.4020356234097	KEYW	2000
0	70	0	968170	6109	158.48256670486168	KIN	48000
1	70	1	722805	6255	115.55635491606715	KIN	48000
0	71	0	202421	3618	55.948313985627415	SIP	25000
1	71	0	173042	3057	56.605168465816156	SIP	25000
0	73	0	731041	16356	44.69558571777941	SOF	0
1	73	0	549629	11560	47.54576124567474	SOF	0
0	74	0	6098499	68830	88.60233909632427	TNET	165000
1	74	1	6500875	61522	105.66748480218459	TNET	165000
0	75	0	28213	615	45.87479674796748	TERB	54000
1	75	0	29731	611	48.659574468085104	TERB	54000
0	76	0	4350845	25311	171.89542096321756	TESB	248000
1	76	1	3069963	22416	136.95409528907922	TESB	248000
0	77	0	34890	502	69.5019920318725	TEXF	4000
1	77	1	40569	662	61.28247734138973	TEXF	4000
0	78	0	10580231	68004	155.58248044232693	THR	7000
1	78	1	13747801	72254	190.27044869488194	THR	7000
0	79	0	225544712	35738	6311.061391236219	TIG	2000
1	79	1	50090633	15581	3214.8535395674216	TIG	2000
0	80	0	791420	9699	81.59810289720589	TUB	0
1	80	0.15789473684210525	642479	6559	97.95380393352646	TUB	0
0	81	0	18594832	169392	109.77396807405309	UCB	1263000
1	81	0	13003706	119536	108.78485142551197	UCB	1263000
0	82	0	36842053	245795	149.88935088183243	UMI	1112000
1	82	1	30454098	181439	167.84758513880698	UMI	1112000
0	83	0	528034	5095	103.63768400392541	VAN	0
1	83	1	278657	3428	81.28850641773629	VAN	0
0	85	0	14429	161	89.62111801242236	VGP	6000
1	85	1	18360	185	99.24324324324324	VGP	6000
0	86	0	3319487	9538	348.0275739148668	VIO	388000
1	86	1	1808205	5838	309.73021582733816	VIO	388000
0	88	0	764801	11283	67.78347957103607	WDP	18000
1	88	0	782046	13005	60.13425605536332	WDP	18000
0	89	0	82644	3157	26.178017104846372	WEHB	1000
1	89	0	76856	2999	25.627209069689897	WEHB	1000
0	90	0	595491	370	1609.4351351351352	ZENT	16000
1	90	1	650790	339	1919.7345132743362	ZENT	16000
0	91	0	287757	2015	142.8074441687345	ZTS	32000
1	91	1	178389	1511	118.06022501654533	ZTS	32000